29
6
13
9 4
2 6
0 0
0 0
0 0
0 0
0 0
0 0
0 0
0 0
0 0
0 0
5 6
0 0
0 0
0 0
1 2
5 2
0 0
0 0
0 0
0 0
0 0
0 0
3 2
0 0
0 0
0 0
3 3
0 0
0 0
3 1
8 5
0 0
0 0
2 1
0 0
5 2
0 0
0 0
0 0
0 0
1 1
0 0
0 0
0 0
0 0
0 0
0 0
0 0
0 0
0 0
0 0
8 5
0 0
0 0
5 4
0 0
2 2
0 0
0 0
0 0
0 0
1 2
0 0
9 6
0 0
0 0
0 0
6 6
0 0
0 0
0 0
0 0
0 0
0 0
0 0
0 0
0 0
0 0
0 0
0 0
0 0
0 0
0 0
0 0
0 0
0 0
0 0
0 0
0 0
0 0
0 0
0 0
0 0
0 0
0 0
0 0
1 3
0 0
0 0
0 0
0 0
0 0
0 0
2 2
0 0
0 0
0 0
9 6
0 0
0 0
0 0
0 0
0 0
0 0
1 6
0 0
3 3
0 0
2 5
0 0
0 0
0 0
0 0
0 0
0 0
0 0
0 0
6 3
0 0
5 2
0 0
0 0
0 0
0 0
0 0
5 4
0 0
0 0
5 3
0 0
0 0
0 0
0 0
0 0
0 0
0 0
0 0
9 1
0 0
0 0
7 2
0 0
0 0
0 0
0 0
4 6
0 0
0 0
0 0
0 0
0 0
7 4
0 0
0 0
0 0
0 0
9 6
0 0
0 0
1 2
0 0
4 5
0 0
0 0
0 0
0 0
0 0
0 0
0 0
7 6
0 0
0 0
0 0
0 0
7 1
0 0
0 0
0 0
0 0
0 0
0 0
0 0
3 1
0 0
7 3
0 0
0 0
0 0
0 0
0 0
0 0
0 0
0 0
0 0
0 0
0 0
5 3
0 0
0 0
0 0
0 0
0 0
1 1
0 0
0 0
0 0
0 0
0 0
0 0
7 5
0 0
0 0
0 0
6 6
5 2
0 0
0 0
0 0
0 0
3 4
0 0
0 0
0 0
0 0
9 1
0 0
0 0
9 2
0 0
7 3
0 0
7 3
0 0
0 0
0 0
3 4
8 4
9 6
0 0
0 0
0 0
5 2
9 5
6 3
0 0
0 0
5 4
0 0
2 6
0 0
0 0
0 0
0 0
0 0
0 0
0 0
9 5
0 0
2 5
5 6
0 0
3 6
1 1
0 0
0 0
0 0
0 0
0 0
2 3
0 0
0 0
0 0
2 1
0 0
1 6
0 0
0 0
0 0
0 0
0 0
4 2
0 0
0 0
0 0
0 0
0 0
0 0
0 0
0 0
0 0
0 0
0 0
0 0
0 0
7 4
0 0
9 2
0 0
0 0
0 0
0 0
3 3
0 0
0 0
8 6
0 0
0 0
0 0
7 5
0 0
0 0
0 0
0 0
0 0
0 0
0 0
0 0
0 0
9 2
0 0
0 0
0 0
4 5
0 0
0 0
0 0
0 0
0 0
0 0
0 0
0 0
0 0
0 0
0 0
0 0
9 3
0 0
0 0
0 0
0 0
0 0
0 0
5 2
0 0
0 0
0 0
0 0
0 0
0 0
0 0
8 4
0 0
0 0
0 0
8 2
0 0
8 4
3 4
0 0
0 0
0 0
0 0
0 0
0 0
0 0
4 5
0 0
0 0
0 0
1 3
0 0
0 0
0 0
6 5
0 0
0 0
0 0
8 5
0 0
0 0
0 0
0 0
0 0
0 0
0 0
0 0
6 2
0 0
0 0
0 0
0 0
0 0
3 3
0 0
0 0
0 0
0 0
0 0
2 2
0 0
0 0
1 3
0 0
0 0
0 0
0 0
1 6
0 0
0 0
0 0
0 0
0 0
0 0
0 0
0 0
4 5
3 3
0 0
3 2
0 0
0 0
0 0
0 0
0 0
7 5
0 0
0 0
0 0
7 3
0 0
4 6
4 4
5 2
0 0
0 0
0 0
0 0
0 0
0 0
0 0
4 3
7 1
0 0
0 0
0 0
0 0
0 0
0 0
9 3
0 0
0 0
0 0
3 1
2 5
0 0
0 0
0 0
0 0
0 0
0 0
0 0
0 0
0 0
9 2
8 1
0 0
0 0
0 0
0 0
0 0
2 6
0 0
0 0
0 0
0 0
0 0
1 3
0 0
0 0
0 0
7 2
0 0
2 3
0 0
0 0
0 0
0 0
0 0
0 0
2 5
0 0
0 0
0 0
0 0
5 3
0 0
0 0
0 0
8 6
0 0
0 0
0 0
0 0
8 5
0 0
0 0
1 2
0 0
0 0
0 0
0 0
9 2
0 0
0 0
0 0
0 0
0 0
0 0
0 0
0 0
0 0
6 1
0 0
0 0
0 0
0 0
0 0
0 0
0 0
0 0
0 0
0 0
4 3
0 0
0 0
0 0
0 0
1 6
0 0
0 0
7 3
0 0
0 0
0 0
7 5
0 0
0 0
0 0
0 0
0 0
0 0
0 0
0 0
0 0
0 0
8 4
0 0
0 0
0 0
0 0
0 0
0 0
0 0
0 0
0 0
3 2
0 0
0 0
0 0
0 0
4 2
0 0
8 4
0 0
0 0
0 0
0 0
0 0
0 0
5 3
0 0
0 0
0 0
0 0
0 0
0 0
0 0
0 0
0 0
0 0
0 0
0 0
6 2
0 0
0 0
0 0
0 0
0 0
0 0
0 0
0 0
0 0
6 6
0 0
0 0
0 0
0 0
2 1
0 0
0 0
0 0
0 0
0 0
3 4
0 0
0 0
4 2
9 3
5 2
0 0
7 4
0 0
0 0
0 0
0 0
0 0
0 0
0 0
0 0
0 0
0 0
0 0
4 6
4 4
0 0
0 0
0 0
0 0
8 4
0 0
6 2
3 5
0 0
0 0
0 0
0 0
0 0
0 0
0 0
0 0
6 4
9 1
0 0
2 1
3 2
0 0
0 0
0 0
5 6
0 0
5 5
0 0
0 0
3 3
9 2
0 0
6 4
0 0
0 0
0 0
2 3
0 0
2 3
0 0
0 0
0 0
0 0
0 0
0 0
9 3
3 2
0 0
0 0
0 0
8 2
0 0
0 0
0 0
0 0
0 0
0 0
0 0
0 0
0 0
5 1
4 2
0 0
0 0
0 0
0 0
0 0
0 0
0 0
2 2
0 0
0 0
0 0
0 0
0 0
0 0
3 1
0 0
0 0
0 0
0 0
0 0
0 0
0 0
0 0
0 0
0 0
9 6
0 0
1 3
0 0
0 0
0 0
0 0
0 0
0 0
0 0
0 0
0 0
0 0
0 0
4 3
0 0
5 2
4 6
0 0
0 0
3 6
0 0
0 0
1 6
0 0
0 0
0 0
0 0
0 0
0 0
5 5
0 0
0 0
0 0
0 0
8 4
0 0
0 0
0 0
0 0
0 0
4 1
0 0
0 0
0 0
0 0
3 3
0 0
0 0
0 0
0 0
0 0
0 0
0 0
9 2
0 0
0 0
0 0
0 0
0 0
7 3
7 3
5 4
3 6
8 1
0 0
2 1
0 0
0 0
0 0
0 0
0 0
5 3
0 0
0 0
0 0
0 0
2 5
0 0
0 0
0 0
0 0
8 1
0 0
0 0
0 0
0 0
0 0
0 0
0 0
9 5
0 0
3 4
7 1
0 0
0 0
0 0
0 0
0 0
0 0
0 0
0 0
2 5
0 0
0 0
0 0
2 5
0 0
