29
4
20
7 4
0 0
0 0
6 3
0 0
0 0
0 0
0 0
3 1
0 0
1 4
0 0
0 0
0 0
7 2
0 0
1 2
0 0
0 0
0 0
0 0
0 0
0 0
5 1
5 3
0 0
0 0
5 2
0 0
0 0
6 3
4 3
0 0
6 3
0 0
0 0
0 0
0 0
0 0
0 0
0 0
4 4
0 0
0 0
1 2
0 0
8 3
2 3
9 3
0 0
0 0
1 2
0 0
0 0
0 0
0 0
0 0
0 0
3 4
0 0
0 0
8 2
0 0
0 0
0 0
0 0
0 0
0 0
0 0
0 0
0 0
0 0
0 0
3 4
0 0
0 0
0 0
0 0
2 3
0 0
0 0
0 0
0 0
0 0
0 0
0 0
3 4
0 0
0 0
0 0
0 0
0 0
0 0
9 4
0 0
0 0
0 0
0 0
0 0
0 0
9 4
0 0
0 0
0 0
7 4
1 3
0 0
0 0
6 4
1 1
2 1
0 0
0 0
0 0
0 0
6 3
0 0
0 0
0 0
0 0
0 0
0 0
4 3
0 0
0 0
0 0
9 1
4 3
0 0
0 0
0 0
0 0
0 0
0 0
7 3
0 0
1 3
0 0
2 3
8 1
0 0
0 0
0 0
0 0
0 0
7 2
0 0
0 0
0 0
0 0
2 1
0 0
0 0
8 4
0 0
0 0
0 0
0 0
8 2
2 1
5 4
0 0
0 0
5 4
0 0
5 4
0 0
0 0
5 3
0 0
0 0
0 0
0 0
0 0
0 0
7 1
8 2
0 0
0 0
8 1
0 0
0 0
0 0
0 0
0 0
3 4
8 1
0 0
0 0
0 0
0 0
0 0
0 0
0 0
1 3
0 0
0 0
0 0
3 4
5 2
0 0
0 0
0 0
0 0
0 0
0 0
0 0
0 0
0 0
9 4
0 0
0 0
9 4
0 0
0 0
0 0
0 0
0 0
0 0
0 0
0 0
0 0
5 4
0 0
0 0
0 0
0 0
0 0
0 0
4 2
0 0
0 0
0 0
0 0
0 0
0 0
0 0
3 1
0 0
6 1
0 0
0 0
0 0
0 0
3 3
0 0
0 0
0 0
0 0
0 0
0 0
0 0
0 0
4 2
0 0
0 0
4 3
0 0
0 0
0 0
0 0
0 0
0 0
0 0
0 0
0 0
0 0
0 0
0 0
1 1
0 0
0 0
0 0
8 4
0 0
0 0
0 0
0 0
0 0
2 3
3 1
0 0
4 2
0 0
3 3
0 0
0 0
0 0
0 0
0 0
0 0
0 0
0 0
5 2
0 0
0 0
0 0
4 2
0 0
5 2
0 0
0 0
0 0
0 0
9 4
8 3
0 0
0 0
0 0
0 0
4 3
0 0
9 3
0 0
6 2
0 0
0 0
0 0
0 0
3 3
0 0
0 0
0 0
3 1
1 4
0 0
7 2
7 1
0 0
7 1
4 4
0 0
7 3
0 0
0 0
0 0
4 3
0 0
0 0
0 0
0 0
0 0
0 0
0 0
8 4
0 0
0 0
0 0
0 0
0 0
5 1
0 0
3 4
0 0
0 0
0 0
0 0
0 0
0 0
0 0
0 0
0 0
3 3
0 0
3 4
0 0
2 3
0 0
0 0
0 0
0 0
9 3
0 0
0 0
0 0
0 0
0 0
3 4
0 0
0 0
0 0
0 0
0 0
9 1
0 0
0 0
0 0
4 3
0 0
0 0
0 0
0 0
7 1
0 0
0 0
0 0
0 0
0 0
6 2
0 0
0 0
0 0
0 0
0 0
0 0
0 0
2 3
0 0
6 4
4 4
0 0
9 4
0 0
4 2
0 0
0 0
9 3
0 0
0 0
8 4
0 0
0 0
0 0
0 0
0 0
0 0
2 2
9 3
0 0
4 2
0 0
0 0
0 0
8 3
0 0
9 1
0 0
2 4
0 0
0 0
0 0
0 0
2 4
4 1
2 3
0 0
9 3
0 0
4 2
0 0
0 0
0 0
0 0
7 4
0 0
0 0
0 0
0 0
0 0
0 0
0 0
0 0
6 3
6 4
1 3
0 0
0 0
0 0
0 0
0 0
0 0
9 1
0 0
5 1
0 0
0 0
0 0
9 3
0 0
0 0
0 0
0 0
0 0
0 0
0 0
0 0
0 0
0 0
0 0
0 0
0 0
4 1
0 0
0 0
0 0
0 0
6 1
0 0
0 0
3 3
0 0
0 0
0 0
0 0
0 0
8 2
0 0
0 0
0 0
0 0
2 1
0 0
0 0
0 0
0 0
0 0
0 0
0 0
0 0
0 0
1 4
0 0
0 0
0 0
4 2
0 0
1 2
0 0
0 0
0 0
0 0
6 1
0 0
6 2
1 2
0 0
0 0
0 0
0 0
2 1
0 0
0 0
0 0
0 0
7 2
0 0
0 0
0 0
5 1
0 0
0 0
0 0
4 3
2 2
0 0
0 0
4 1
0 0
0 0
6 4
5 2
0 0
9 4
7 4
0 0
5 2
0 0
0 0
0 0
0 0
0 0
0 0
0 0
6 4
0 0
2 4
8 1
0 0
9 3
8 3
7 4
0 0
0 0
0 0
0 0
7 2
0 0
0 0
7 3
0 0
3 1
0 0
6 2
0 0
1 1
0 0
0 0
0 0
0 0
9 1
0 0
0 0
5 3
0 0
8 4
0 0
0 0
0 0
0 0
2 2
0 0
0 0
3 3
0 0
0 0
4 1
0 0
2 3
0 0
0 0
0 0
0 0
0 0
0 0
0 0
5 1
0 0
0 0
8 3
0 0
0 0
0 0
8 2
0 0
0 0
3 1
0 0
8 4
0 0
0 0
0 0
0 0
8 3
0 0
0 0
2 1
0 0
0 0
0 0
0 0
0 0
0 0
0 0
3 1
0 0
9 3
2 4
0 0
0 0
0 0
0 0
0 0
2 4
0 0
0 0
0 0
1 3
0 0
0 0
0 0
0 0
4 3
0 0
0 0
0 0
0 0
7 4
0 0
0 0
9 1
4 2
0 0
0 0
0 0
0 0
0 0
8 4
0 0
6 1
0 0
0 0
0 0
0 0
0 0
0 0
0 0
0 0
0 0
3 3
0 0
0 0
0 0
0 0
0 0
8 1
0 0
0 0
3 4
2 4
0 0
0 0
0 0
3 1
0 0
0 0
9 2
0 0
8 2
0 0
9 1
0 0
0 0
0 0
4 1
0 0
0 0
5 3
0 0
0 0
0 0
8 3
0 0
0 0
9 3
1 4
0 0
0 0
0 0
0 0
0 0
0 0
1 1
0 0
0 0
0 0
0 0
0 0
0 0
0 0
0 0
0 0
2 4
0 0
0 0
0 0
0 0
6 4
0 0
0 0
0 0
0 0
0 0
1 2
1 2
0 0
0 0
0 0
0 0
0 0
6 4
0 0
0 0
9 1
0 0
0 0
0 0
0 0
0 0
0 0
0 0
8 2
0 0
0 0
1 2
5 3
0 0
5 3
5 3
7 3
0 0
6 3
0 0
0 0
0 0
0 0
0 0
9 2
5 3
0 0
0 0
0 0
0 0
0 0
0 0
0 0
8 3
0 0
2 4
0 0
0 0
0 0
0 0
4 2
8 2
7 4
0 0
0 0
0 0
0 0
0 0
0 0
0 0
6 1
0 0
1 2
0 0
0 0
0 0
0 0
0 0
8 2
0 0
0 0
0 0
0 0
8 1
0 0
0 0
6 4
0 0
8 1
